CIF
00000950
00001229
00005408
00006139
00010068
00012916
00015616
00015891
00018053
00019956
00021016
00022295
00022641
00024669
00025026
00025290
00025391
00028285
00034167
00038525
00040672
00043182
00043234
00044735
00045777
00046393
00047319
00049013
00049188
00051416
00051963
00058212
00058780
00059117
00060124
00060414
00063353
00064740
00064843
00065268
00067315
00070835
00073714
00074056
00074876
00089899
00094262
00094914
00095265
00095301
00095333
00096831
00099243
00099334
00103459
00103755
00104765
00203179
00203881
00205875
00206973
00207548
00208796
00211111
00211647
00217041
00217751
00217813
00218060
00221304
00221582
00222632
00224355
00227326
00231615
00234625
00236154
00237437
00239198
00239852
00240385
00240609
00241589
00241856
00244310
00245054
00246074
00249520
00249887
00250044
00250164
00253529
00254913
00257492
00258342
00258473
00263739
00264457
00265357
00267523
00268340
00268647
00269078
00270053
00270785
00272343
00272577
00273540
00273762
00277379
00277435
00279238
00279443
00279464
00281834
00281882
00285610
00287183
00289784
00293183
00293343
00294079
00296310
00297079
00298659
00298779
00299205
00302383
00303106
00303276
00303365
00305132
00306139
00306281
00306398
00307210
00307323
00307758
00308631
00311034
00312459
00320764
00328022
00328313
00328569
00328932
00329480
00329577
00335999
00340736
00341743
00344241
00346203
00346366
00346746
00346949
00350183
00351087
00354473
00357625
00357709
00358264
00359480
00360324
00360405
00360805
00361785
00362420
00365448
00366694
00366800
00369055
00369882
00371165
00377713
00378339
00380898
00382179
00382591
00383803
00385086
00386106
00386697
00386957
00391361
00393144
00393575
00394302
00395178
00395457
00396388
00396782
00396797
00399490
00399695
00400920
00403307
00403499
00404470
00406418
00406572
00411085
00412590
00412962
00413154
00413229
00413358
00416517
00417268
00417992
00418502
00418551
00419311
00421284
00421458
00500664
00503780
00504576
00507628
00507698
00510385
00512157
00512557
00512663
00518639
00519349
00523849
00525631
00525769
00527885
00528775
00532267
00532787
00535363
00540712
00550018
00550830
00551839
00554492
00556081
00556738
00557387
00558274
00559708
00559925
00562280
00562445
00562691
00563736
00564469
00566191
00567856
00569252
00569326
00573738
00576459
00576649
00577460
00577919
00579700
00580899
00581909
00582959
00583204
00584681
00585930
00586686
00587862
00590700
00590779
00591259
00592379
00592725
00592775
00592997
00593281
00594453
00594516
00594715
00595773
00597801
00598491
00599663
00600411
00602484
00602570
00605461
00605535
00608027
00608419
00608802
00610178
00612221
00613545
00613731
00615022
00616285
00618868
00620056
00620282
00620386
00620550
00621057
00622691
00623143
00626901
00626931
00627597
00627620
00627683
00627692
00628628
00630706
00630786
00633122
00634659
00634791
00636184
00638176
00640704
00641090
00642676
00643739
00644414
00644620
00645765
00647252
00647834
00648260
00651234
00651474
00651699
00652332
00652602
00655509
00656377
00657106
00660349
00660501
00660572
00661341
00661821
00662538
00663606
00663630
00664005
00664321
00665371
00666093
00666187
00666374
00666526
00668380
00668797
00669359
00671976
00673295
00673903
00673998
00674179
00674798
01650724
01650824
01651191
01651444
01652562
01652698
01654205
01654690
01655285
01655911
01656705
01657066
01657212
01658125
01658177
01658720
01660825
01661115
01662303
01662578
01662821
01662833
01662985
01664617
01665775
01666651
01667295
01667298
01668645
01669208
01669953
01671696
01671714
01671811
01671979
01673756
01675191
01675627
01676113
01676579
01678721
01679563
01681147
01682737
01682806
01683193
01684109
01684904
01685068
01685888
01686059
01686656
01686707
01687407
01687697
01688239
01688912
01689458
01690578
01692639
01692831
01693709
01693968
01694760
01695585
01695608
01696186
01696306
01697671
01698220
01701375
01701471
01702100
01702393
01702418
01702830
01703211
01703798
01704047
01704433
01704945
01705079
01705156
01705204
01708307
01709539
01710353
01710932
01711024
01712312
01712751
01713278
01713473
01713995
01714573
01714912
01715200
01715713
01716243
01716378
01716397
01717184
01717432
01718795
01719234
01719353
01719655
01719983
01720279
01720306
01720344
01721245
01721443
01721706
01723238
01723535
01724039
01724973
01725419
01725426
01726165
01726644
01729054
01730003
01730792
01731416
01731527
01733074
01733231
01733374
01733539
01733804
01734012
01734801
01736205
01736247
01736415
01736854
01737081
01737347
01738029
01738278
01738915
01739727
01742263
01742983
01743024
01744697
01745803
01746011
01746090
01746302
01746780
01747780
01748018
01748500
01749090
01749101
01749347
01750016
01750242
01750540
01750928
01751324
01752639
01755209
01755808
01757031
01757790
01757819
01758605
01760094
01761002
01761903
01761907
01762378
01763131
01763786
01765189
01766018
01766944
01767208
01767640
01769171
01769704
01769974
01770090
01770094
01770470
01770489
01770821
01770865
01771173
01771893
01772766
01773871
01774026
01775051
01775094
01775623
01776083
01776931
01777832
01778073
01780173
01780201
01780340
01780380
01780431
01781733
01781940
01782323
01784085
01784351
01784503
01784593
01784610
01784800
01784976
01784988
01785168
01786333
01787520
01787999
01788566
01789056
01789414
01790394
01790632
01791698
01794202
01794539
01794629
01796612
01796673
01796838
01797140
01797348
01798090
01799476
01799667
01800041
01800460
01800561
01801662
01802353
01802502
01802531
01803622
01803650
01804864
01804910
01806984
01807434
01808264
01808556
01808876
01810187
01810639
01811729
01812533
01812687
01812882
01814455
01814545
01816064
01816657
01817141
01817368
01817603
01818070
01818599
01818640
01819784
01820082
01820469
01820968
01821836
01821921
01822012
01822476
01822651
01823827
01825183
01825298
01825569
01825837
01826932
01827167
01827560
01827627
01827979
01828282
01828796
01829213
01829967
01830000
01830339
01830927
01831009
01831260
01831980
01832118
01832756
01833324
01833553
01833707
01834651
01835835
01837294
01837548
01837820
01839282
01839302
01839424
01842283
01842896
01843109
01843472
01844136
01844268
01844328
01844537
01844903
01847621
01847673
01847782
01848000
01848527
01848696
01849312
01849379
01852250
01852263
01852435
01852475
01852506
01852764
01853739
01853808
01854973
01855606
01855668
01856347
01856412
01856416
01856663
01859036
01859118
01859552
01860178
01861865
01862270
01862518
01864868
01865103
01865519
01865729
01865887
01866867
01867148
01867160
01867614
01867900
01868774
01868813
01869298
01869306
01870490
01871502
01872037
01872210
01873327
01874019
01874512
01874938
01875024
01875253
01875653
01876815
01876976
01877213
01878367
01878960
01879833
01881254
01881367
01884767
01885538
01888256
01889390
01890354
01890409
01891404
01891709
01892700
01894318
01894889
01896165
01896248
01896263
01896893
01898331
01900239
01900570
01900599
01900883
01901088
01901511
01902023
01902252
01902341
01902627
01903498
01903781
01904126
01904425
01906049
01906069
01906185
01906663
01907004
01909431
01910672
01910990
01911477
01911525
01911656
01912365
01912613
01913383
01913580
01914058
01914599
01914882
01915172
01915767
01916291
01916315
01916888
01917822
01918238
01918634
01919632
01920923
01922384
01924453
01924544
01925403
01926397
01926450
01926546
01927434
01927905
01928976
01929128
01933971
01935678
01936504
01936952
01938080
01939024
01939352
01939416
01940009
01940812
01941146
01941779
01941858
01943792
01943896
01944140
01944927
01944965
01945498
01945629
01949496
01949712
01949909
01950006
01951442
01952073
01952647
01953851
01954166
01954953
01955199
01955783
01955977
01956525
01956618
01956734
01957797
01957934
01957975
01958000
01958049
01958275
01958340
01959434
01959539
01961481
01961644
01962611
01963807
01963898
01964650
01965592
01966969
01968354
01971748
01971796
01972052
01972953
01973557
01973978
01975345
01975872
01975935
01977742
01977808
01977840
01977865
01979648
01979903
01982971
01983270
01984831
01985284
01986135
01987613
01987862
01987932
01988303
01988307
01988540
01989275
01989490
01989565
01989771
01989818
01989910
01989952
01990006
01990724
01992266
01992277
01992355
01992884
01993704
01993776
01994627
01994760
01995098
01995123
01995424
01995760
01995794
01997236
01998547
01998608
01999277
01999279
01999922
02000113
02000295
02001865
02003474
02004775
02005472
02006074
02006183
02006394
02006455
02006544
02007023
02007345
02007415
02007984
02010459
02010707
02010758
02010890
02010998
02011247
02011314
02011410
02012601
02013098
02013438
02014140
02014769
02016454
02016890
02016899
02017619
02017778
02018075
02018376
02019371
02019972
02020304
02020626
02020783
02020977
02021080
02021275
02022242
02022271
02022350
02024276
02024347
02024556
02025775
02026358
02027706
02027856
02028593
02028716
02028930
02029053
02029071
02029617
02029978
02030200
02030990
02031020
02031902
02032030
02033030
02033385
02033468
02035041
02035101
02035314
02035505
02037838
02038677
02038873
02038935
02039680
02039754
02040609
02041902
02042827
02043070
02044264
02044958
02045234
02046297
02046422
02047169
02047270
02047531
02047631
02047698
02048103
02048364
02048478
02049447
02049696
02050988
02051495
02051497
02052832
02052899
02053095
02053146
02053520
02053761
02054197
02055157
02055205
02055840
02056371
02057231
02057966
02058327
02059170
02060597
02061526
02062138
02063045
02063073
02063329
02063990
02064391
02064973
02066812
02066921
02067338
02067424
02067713
02069616
02069648
02070976
02071346
02071434
02072454
02073194
02074139
02074222
02074497
02074751
02075333
02075644
02076427
02077206
02077873
02078723
02078975
02079078
02079709
02079804
02080447
02080549
02081393
02081665
02081915
02082072
02084267
02084991
02086155
02088097
02088440
02088475
02088890
02089090
02090609
02091628
02092411
02092575
02093108
02093732
02094151
02095026
02096339
02096772
02097258
02097462
02098071
02098561
02100574
02100628
02100925
02101005
02102676
02102753
02102990
02103329
02103656
02103662
02103796
02104534
02104560
02104841
02106188
02106414
02106483
02107085
02107225
02107618
02108207
02108400
02109150
02110107
02110794
02110867
02111611
02111815
02112081
02113158
02113486
02113734
02113887
02114508
02115598
02116475
02117000
02117035
02117408
02117525
02118303
02119170
02119917
02119954
02120051
02120307
02120817
02120822
02121117
02122788
02123018
02123958
02124256
02125270
02125485
02126240
02126469
02126588
02126723
02127107
02127273
02128259
02129164
02130236
02131324
02131473
02132329
02132675
02132676
02132952
02132994
02133411
02133470
02133516
02133562
02133604
02134138
02134256
02134437
02135784
02135821
02135863
02136160
02137811
02137832
02138363
02139075
02139598
02139682
02139696
02139884
02140083
02140275
02142421
02142715
02143748
02144386
02144545
02145526
02145567
02145682
02145813
02146902
02148518
02149350
02149630
02150402
02150885
02151936
02152142
02153508
02153713
02154149
02154668
02154757
02154777
02155083
02155879
02156543
02157066
02157238
02157387
02157573
02158810
02158977
02159658
02160592
02161142
02161606
02161936
02161972
02162550
02162901
02164684
02165349
02165670
02166048
02166329
02168727
02168830
02169536
02169635
02170391
02170650
02171153
02171655
02171771
02172251
02172663
02172753
02174163
02174515
02175177
02177221
02178196
02178975
02179048
02179066
02179360
02179399
02179433
02179869
02180055
02182641
02183351
02183405
02183490
02184052
02184199
02184241
02184280
02184412
02184428
02185322
02185336
02185692
02186257
02186310
02186322
02187338
02187414
02187934
02188301
02188384
02188426
02188916
02189203
02192002
02193319
02194539
02195125
02196326
02196394
02198285
02198314
02203926
02204514
02204753
02205563
02205726
02206307
02206513
02206789
02207267
02208671
02208773
02208955
02209378
02209818
02209885
02210185
02211134
02213067
02213787
02214365
02214593
02214784
02216334
02216453
02217522
02218051
02218666
02220321
02220687
02220882
02221261
02222511
02223028
02223061
02223472
02224145
02225949
02227325
02227743
02228115
02228480
02228545
02228830
02230157
02232194
02234348
02235792
02236308
02237068
02237697
02238720
02239232
02239521
02240405
02240507
02240685
02240917
02240969
02241057
02241586
02241968
02242218
02242477
02243078
02243701
02244109
02245039
02246320
02246550
02248178
02248734
02249126
02249160
02249209
02249389
02249418
02250273
02250934
02252656
02252735
02255603
02255635
02255933
02256002
02257066
02257671
02257931
02258396
02261317
02261375
02261603
02261686
02262818
02263154
02263764
02264483
02264548
02265555
02266106
02266201
02266257
02266425
02266437
02267032
02268163
02268640
02269334
02269952
02270003
02271854
02271945
02271947
02272013
02272583
02272730
02272800
02273042
02273188
02273406
02273510
02273571
02273968
02276070
02276259
02276759
02276995
02277001
02277723
02277995
02278088
02278740
02278802
02278847
02279163
02279740
02280085
02280103
02281018
02281339
02281577
02281782
02282626
02282730
02282760
02282792
02283786
02283876
02284175
02284293
02284554
02285134
02285213
02285654
02285896
02286956
02287376
02288285
02288467
02288628
02289067
02289170
02289410
02290656
02291014
02291094
02291547
02292998
02293273
02293815
02294432
02294906
02295085
02295538
02296835
02296996
02297408
02297677
02297764
02298363
02298844
02299134
02299153
02299528
02299735
02299772
02300274
02300345
02300457
02301753
02302211
02303216
02303983
02305083
02305995
02306851
02306960
02307524
02309182
02309397
02310272
02310282
02311058
02311933
02312434
02313900
02314080
02314939
02316076
02316091
02316326
02316674
02317491
02318468
02318593
02319201
02319276
02319948
02320045
02320586
02321424
02323162
02324498
02324718
02325046
02325342
02326445
02326733
02327190
02327228
02327242
02327447
02330078
02333324
02334446
02335678
02335740
02336057
02336085
02337223
02337365
02337611
02338093
02338261
02338605
02338633
02339219
02340558
02341920
02342151
02342246
02343085
02343321
02344466
02345040
02345975
02346532
02346554
02347281
02347764
02348207
02348283
02348416
02349110
02349393
02350291
02350587
02350941
02351123
02351510
02351528
02351762
02352074
02352681
02353510
02353567
02354128
02354427
02354851
02354980
02356419
02357359
02358086
02358787
02358821
02359378
02359578
02360080
02360323
02362311
02362615
02362785
02363143
02363485
02363528
02364419
02365848
02366348
02366561
02367058
02367997
02368179
02369514
02369984
02370086
02370725
02370825
02370836
02371265
02371803
02372050
02372059
02372348
02372370
02372572
02372916
02373394
02376031
02376175
02376816
02377389
02377486
02377799
02378106
02378428
02379391
02379983
02380594
02382267
02382355
02382406
02382888
02384575
02385468
02386307
02387318
02387323
02387711
02387752
02388003
02388807
02390267
02391345
02392563
02393405
02393518
02394835
02395098
02395303
02395883
02399499
02399556
02400784
02400819
02401412
02403548
02404227
02404325
02404688
02405839
02406189
02406630
02407192
02407381
02408183
02409110
02409587
02410201
02411583
02412096
02412846
02414695
02415530
02416369
02416896
02417088
02417316
02417717
02418146
02418229
02420377
02420402
02420476
02420969
02421445
02421897
02422424
02422894
02423940
02424191
02424513
02424908
02424948
02425068
02425687
02425695
02426175
02427054
02428031
02428832
02428886
02429277
02429540
02430323
02430780
02431092
02431328
02431330
02431910
02432128
02432960
02434314
02434361
02434698
02435064
02435175
02435732
02437224
02437605
02438348
02440301
02440717
02440730
02440734
02441847
02442208
02442576
02444540
02444816
02445013
02445305
02445710
02446551
02446648
02447518
02448684
02449271
02449623
02450037
02450176
02450584
02452065
02452819
02453341
02453499
02453848
02455381
02455739
02455869
02456919
02457893
02457931
02458092
02458908
02459578
02459631
02459876
02460499
02460592
02462045
02462055
02462663
02463475
02464781
02465138
02465475
02465534
02465948
02465997
02466693
02467299
02467771
02468029
02468688
02469413
02469612
02470255
02470683
02471007
02471340
02471532
02471680
02472669
02473432
02474792
02475008
02476101
02476254
02477634
02477982
02478331
02478609
02479011
02479145
02479754
02480643
02480655
02480776
02481800
02481931
02482607
02482950
02483300
02483499
02483709
02485155
02485445
02485969
02486391
02486432
02486921
02487276
02487294
02487940
02488562
02488971
02489408
02491262
02491299
02492291
02492750
02493017
02493425
02493873
02494262
02494263
02494683
02495425
02495491
02495632
02495646
02496186
02496189
02496745
02497562
02498454
02499354
02500091
02500402
02501927
02502217
02502319
02502782
02504791
02504810
02505333
02505670
02505903
02506220
02508826
02508853
02509258
02510040
02510061
02510692
02511023
02511759
02512175
02512667
02512703
02513119
02513200
02513503
02513699
02514557
02515452
02515958
02517389
02517840
02519668
02520660
02521128
02522210
02522392
02522790
02523664
02523968
02524473
02524995
02525090
02526036
02527960
02529176
02531280
02531961
02532012
02534093
02534796
02536520
02536598
02536789
02537369
02540117
02541255
02541454
02542123
02542359
02543195
02544774
02545212
02545294
02545473
02545701
02546140
02546143
02546202
02546437
02547820
02548292
02548367
02549708
02549971
02550161
02550528
02550688
02550918
02552276
02552670
02552893
02555029
02555046
02555141
02555570
02557342
02559038
02559072
02559205
02561067
02562371
02563856
02564617
02564982
02566270
02567446
02568546
02569159
02570772
02570981
02571261
02571504
02573071
02573784
02573953
02574354
02574389
02575104
02575797
02576818
02577752
02578057
02578726
02578788
02579392
02580068
02580125
02580808
02580882
02581259
02581357
02582507
02583199
02583577
02583774
02583844
02584973
02585302
02585600
02585951
02586256
02586397
02586550
02586638
02586744
02587427
02590336
02590351
02592690
02593595
02593771
02593781
02593942
02594078
02594850
02595000
02595192
02595451
02595529
02596215
02596225
02596745
02598842
02599368
02599641
02600669
02600697
02600801
02601424
02601519
02601644
02602566
02603622
02604809
02605133
02605342
02605429
02605432
02606269
02607127
02607384
02608306
02608858
02609236
02609968
02611529
02611839
02612767
02612845
02613035
02614081
02614294
02615097
02615998
02617143
02617470
02617734
02618376
02618781
02618897
02619575
02620573
02621307
02622522
02623124
02624494
02624517
02625623
02627053
02629325
02629599
02629601
02630755
02630841
02631176
02631383
02631783
02631860
02632121
02632548
02633709
02634115
02635162
02636284
02636677
02637270
02641231
02641389
02641670
02643776
02644572
02646774
02647079
02647616
02647946
02648158
02649982
02650862
02651254
02653479
02654686
02655002
02659231
02661333
02663336
02665812
02665971
02668406
02668849
02669421
02670086
02670152
02671626
02673955
02674232
02674296
02674400
02674716
02675300
02678958
02679907
02680113
02682527
02683587
02685982
02686043
02686368
02686845
02686851
02687617
02687826
02688644
02691538
02692517
02692986
02694349
02695582
02695670
02697316
02699154
02699958
02700018
02700438
02703440
02704456
02704608
02705046
02708140
02708947
02710724
02711153
02711315
02712704
02713486
02713787
02716305
02718365
02719028
02719603
02723472
02724103
02724242
02725126
02725461
02726294
02726499
02727705
02729043
02729430
02730309
02731123
02731215
02732412
02733311
02733746
02734089
02735750
02737131
02737485
02737596
02738504
02740332
02740477
02741046
02741087
02741799
02742170
02742426
02742527
02743030
02743325
02743435
02743519
02743792
02744393
02744987
02745720
02745827
02746997
02747674
02749141
02749631
02749686
02749933
02751283
02751762
02753933
02754676
02756027
02756154
02757532
02757576
02757721
02759667
02762516
02764296
02765593
02765648
02766657
02767351
02767674
02767695
02768670
02769063
02769918
02770136
02770945
02771256
02772101
02773731
02773867
02774962
02775233
02776536
02777436
02777739
02777895
02779445
02779835
02780534
02781568
02781678
02781891
02781951
02782002
02783009
02783673
02783939
02785243
02785271
02786751
02787369
02787556
02787673
02787816
02788836
02788845
02789005
02789103
02789499
02789782
02790036
02790635
02790686
02791978
02792127
02792226
02792918
02793910
02794517
02794523
02794593
02795278
02795812
02796013
02796132
02797929
02798240
02798932
02799430
02800586
02800596
02800949
02801382
02801660
02801836
02802630
02802792
02803996
02804182
02805966
02806109
02806837
02807882
02808061
02808644
02809744
02809746
02810429
02813477
02813573
02813808
02813849
02815500
02816173
02816698
02817463
02818206
02818694
02819172
02819808
02819819
02820578
02820850
02821674
02821678
02822004
02822236
02822720
02823009
02823112
02823490
02824098
02825222
02825940
02827874
02828147
02829192
02829625
02829684
02830477
02830655
02831282
02831800
02831981
02832454
02832661
02833394
02833582
02833593
02833788
02833794
02835276
02835776
02836048
02836118
02836293
02836514
02836710
02836726
02837011
02837102
02837625
02838062
02838250
02838551
02838557
02838748
02839592
02839889
02840026
02840085
02840160
02840590
02841252
02841257
02841283
02841398
02841422
02841744
02842098
02842281
02842476
02842637
02842655
02842692
02843054
02843097
02843359
02843601
02844085
02844215
02844396
02844720
02845101
02846327
02846634
02847051
02847635
02847931
02848005
02848512
02848618
02849270
02850736
02851397
02851732
02852220
02852306
02852351
02852710
02853704
02854858
02856015
02856027
02856775
02857036
02857090
02857504
02859731
02860470
02861129
02861961
02862012
02862083
02862916
02863637
02863919
02864046
02864379
02864883
02865440
02866305
02866611
02866883
02867012
02867132
02867620
02867697
02868028
02869198
02869337
02869385
02869395
02869472
02870048
02871162
02872233
02872808
02873114
02873371
02873528
02873671
02874142
02874486
02874942
02875455
02875633
02875880
02876047
02876070
02876558
02876669
02876808
02876969
02877085
02877108
02877437
02877573
02877825
02877854
02877991
02878071
02878199
02878251
02878583
02878592
02878863
02878976
02879029
02879097
02879207
02879287
02879380
02879460
02879499
02879524
02880218
02880851
02880852
02880909
02880914
02880916
02880919
02880924
02880927
02880930
02880931
02880941
02880946
02880951
02880958
02880962
02880965
02880969
02880972
02880975
02880976
02880978
02880992
02881001
02881003
02881010
02881012
02881019
02881022
02881024
02881025
02881035
02881052
02881054
02881066
02881068
02881084
02881087
02881091
02881107
02881119
02881121
02881122
02881140
02881144
02881146
02881148
02881154
02881163
02881181
02881183
02881187
02881188
02881200
02881201
02881208
02881210
02881212
02881214
02881215
02881221
02881232
02881234
02881237
02881240
02881242
02881245
02881249
02881251
02881255
02881258
02881264
02881268
02881272
02881273
02881275
02881276
02881282
02881285
02881287
02881292
02881294
02881296
02881302
02881313
02881321
02881323
02881335
02881336
02881343
02881344
02881358
02881360
02881365
02881372
02881373
02881376
02881378
02881380
02881385
02881386
02881398
02881400
02881401
02881405
02881408
02881412
02881414
02881424
02881426
02881431
02881433
02881435
02881436
02881439
02881440
02881441
02881444
02881447
02881460
02881462
02881463
02881464
02881466
02881476
02881478
02881479
02881480
02881485
02881493
02881496
02881499
02881505
02881508
02881514
02881517
02881536
02881539
02881548
02881549
02881552
02881555
02881556
02881561
02881563
02881565
02881568
02881574
02881582
02881584
02881594
02881596
02881599
02881601
02881606
02881613
02881614
02881620
02881624
02881631
02881640
02881641
02881669
02881675
02881676
02881681
02881684
02881685
02881692
02881700
02881714
02881716
02881720
02881722
02881736
02881739
02881741
02881747
02881755
02881758
02881762
02881771
02881779
02881786
02881793
02881799
02881800
02881806
02881807
02881809
02881817
02881818
02881819
02881822
02881823
02881828
02881831
02881838
02881839
02881844
02881850
02881867
02881868
02881873
02881874
02881875
02881876
02881879
02881880
02881888
02881890
02881891
02881899
02881900
02881902
02881907
02881923
02881927
02881936
02881937
02881940
02881947
02881954
02881964
02881968
02881970
02881971
02881975
02881979
02881980
02881989
02881991
02881995
02881999
02882001
02882002
02882006
02882013
02882015
02882018
02882024
02882027
02882029
02882030
02882040
02882044
02882045
02882049
02882052
02882057
02882091
02882093
02882097
02882105
02882112
02882117
02882118
02882123
02882124
02882128
02882135
02882151
02882153
02882157
02882161
02882165
02882173
02882174
02882179
02882194
02882200
02882202
02882219
02882223
02882228
02882232
02882233
02882236
02882242
02882246
02882248
02882257
02882260
02882265
02882266
02882269
02882271
02882277
02882279
02882283
02882294
02882329
02882335
02882344
02882362
02882367
02882369
02882372
02882377
02882384
02882386
02882387
02882389
02882393
02882394
02882397
02882403
02882405
02882406
02882411
02882421
02882424
02882426
02882428
02882429
02882432
02882437
02882439
02882440
02882442
02882444
02882446
02882448
02882451
02882452
02882454
02882457
02882470
02882473
02882474
02882477
02882483
02882484
02882486
02882487
02882489
02882500
02882501
02882507
02882515
02882516
02882521
02882535
02882544
02882546
02882563
02882567
02882568
02882576
02882578
02882580
02882583
02882586
02882588
02882599
02882600
02882602
02882610
02882616
02882619
02882620
02882621
02882623
02882629
02882630
02882632
02882638
02882644
02882646
02882658
02882675
02882682
02882685
02882699
02882702
02882705
02882711
02882718
02882726
02882728
02882730
02882731
02882735
02882736
02882737
02882739
02882743
02882746
02882748
02882749
02882756
02882769
02882770
02882774
02882775
02882776
02882779
02882783
02882789
02882790
02882792
02882802
02882806
02882819
02882822
02882823
02882825
02882826
02882831
02882833
02882834
02882836
02882848
02882850
02882854
02882859
02882869
02882870
02882871
02882873
02882878
02882880
02882882
02882888
02882890
02882899
02882915
02882920
02882923
02882927
02882929
02882935
02882937
02882941
02882946
02882950
02882958
02882959
02882960
02882964
02882969
02882976
02882982
02882998
02882999
02883003
02883014
02883017
02883022
02883024
02883027
02883037
02883039
02883045
02883054
02883056
02883057
02883065
02883070
02883077
02883078
02883084
02883090
02883091
02883098
02883103
02883108
02883115
02883126
02883128
02883130
02883131
02883136
02883137
02883139
02883144
02883147
02883153
02883159
02883164
02883166
02883167
02883168
02883170
02883171
02883174
02883178
02883180
02883182
02883186
02883193
02883200
02883211
02883214
02883216
02883223
02883225
02883236
02883239
02883242
02883246
02883262
02883269
02883275
02883279
02883281
02883283
02883291
02883295
02883304
02883313
02883317
02883329
02883348
02883351
02883358
02883360
02883367
02883371
02883377
02883391
02883394
02883396
02883408
02883410
02883418
02883423
02883429
02883433
02883436
02883437
02883439
02883442
02883450
02883452
02883463
02883464
02883484
02883486
02883492
02883497
02883498
02883501
02883504
02883510
02883512
02883513
02883514
02883517
02883524
02883525
02883526
02883528
02883531
02883536
02883541
02883543
02883544
02883547
02883550
02883554
02883555
02883556
02883559
02883562
02883567
02883570
02883578
02883583
02883587
02883590
02883596
02883598
02883603
02883608
02883609
02883612
02883614
02883618
02883619
02883622
02883625
02883631
02883635
02883637
02883643
02883648
02883652
02883653
02883654
02883662
02883668
02883670
02883672
02883675
02883676
02883682
02883684
02883685
02883689
02883698
02883703
02883704
02883705
02883710
02883711
02883718
02883722
02883725
02883727
02883731
02883732
02883735
02883736
02883741
02883745
02883749
02883758
02883769
02883776
02883779
02883817
02883818
02883819
02883820
02883824
02883829
02883832
02883836
02883838
02883847
02883848
02883854
02883861
02883865
02883868
02883870
02883871
02883873
02883876
02883884
02883885
02883888
02883891
02883899
02883900
02883906
02883909
02883912
02883913
02883914
02883916
02883918
02883922
02883923
02883925
02883928
02883932
02883936
02883987
02883990
02883994
02884001
02884004
02884006
02884008
02884009
02884011
02884015
02884017
02884077
02884080
02884085
02884090
02884103
02884106
02884110
02884112
02884113
02884115
02884123
02884124
02884136
02884138
02884141
02884142
02884148
02884154
02884157
02884158
02884159
02884161
02884166
02884178
02884180
02884183
02884188
02884189
02884193
02884194
02884201
02884205
02884207
02884225
02884231
02884237
02884250
02884259
02884261
02884263
02884291
02884295
02884307
02884311
02884312
02884318
02884320
02884321
02884325
02884334
02884336
02884345
02884346
02884363
02884368
02884369
02884371
02884372
02884374
02884376
02884379
02884380
02884381
02884388
02884391
02884394
02884397
02884401
02884403
02884408
02884433
02884442
02884460
02884461
02884465
02884466
02884469
02884472
02884473
02884481
02884484
02884490
02884493
02884500
02884502
02884506
02884507
02884513
02884522
02884533
02884535
02884536
02884537
02884555
02884566
02884569
02884582
02884584
02884585
02884589
02884591
02884593
02884603
02884607
02884614
02884621
02884642
02884646
02884653
02884665
02884678
02884680
02884692
02884695
02884699
02884714
02884718
02884719
02884720
02884722
02884724
02884727
02884738
02884740
02884741
02884751
02884760
02884767
02884772
02884773
02884777
02884783
02884799
02884803
02884804
02884807
02884809
02884811
02884816
02884820
02884821
02884827
02884828
02884829
02884830
02884833
02884835
02884846
02884856
02884859
02884861
02884868
02884869
02884878
02884880
02884885
02884892
02884899
02884900
02884904
02884907
02884909
02884912
02884917
02884918
02884919
02884922
02884927
02884944
02884955
02884962
02884965
02884966
02884968
02884973
02884974
02884975
02884979
02884984
02884986
02884990
02884999
02885000
02885007
02885010
02885024
02885049
02885050
02885052
02885054
02885055
02885060
02885063
02885068
02885070
02885071
02885087
02885089
02885093
02885097
02885112
02885116
02885117
02885120
02885135
02885142
02885148
02885153
02885159
02885161
02885162
02885163
02885166
02885169
02885173
02885175
02885176
02885185
02885188
02885191
02885212
02885214
02885215
02885225
02885227
02885228
02885238
02885242
02885244
02885245
02885250
02885253
02885254
02885260
02885262
02885268
02885270
02885271
02885276
02885278
02885287
02885288
02885289
02885290
02885296
02885300
02885305
02885314
02885316
02885317
02885320
02885322
02885325
02885328
02885330
02885341
02885349
02885350
02885358
02885364
02885371
02885379
02885383
02885384
02885390
02885395
02885397
02885399
02885404
02885409
02885418
02885419
02885424
02885428
02885429
02885431
02885432
02885433
02885437
02885449
02885452
02885453
02885454
02885463
02885466
02885467
02885468
02885470
02885472
02885473
02885476
02885478
02885484
02885491
02885493
02885511
02885517
02885520
02885524
02885525
02885526
02885527
02885530
02885538
02885540
02885546
02885556
02885558
02885563
02885572
02885581
02885592
02885595
02885602
02885604
02885609
02885611
02885616
02885617
02885622
02885626
02885632
02885633
02885634
02885635
02885636
02885642
02885643
02885646
02885650
02885653
02885660
02885663
02885664
02885667
02885675
02885677
02885679
02885684
02885685
02885688
02885692
02885694
02885695
02885701
02885707
02885715
02885729
02885730
02885742
02885745
02885751
02885758
02885768
02885773
02885775
02885778
02885785
02885786
02885787
02885789
02885791
02885794
02885796
02885798
02885807
02885813
02885815
02885817
02885819
02885830
02885833
02885834
02885836
02885838
02885839
02885842
02885845
02885846
02885853
02885861
02885864
02885867
02885870
02885874
02885876
02885879
02885881
02885884
02885886
02885896
02885897
02885921
02885925
02885938
02885949
02885973
02885981
02885985
02885986
02885987
02885989
02885997
02885999
02886004
02886008
02886011
02886020
02886022
02886024
02886036
02886054
02886057
02886059
02886060
02886076
02886096
02886163
02886164
02886173
02886207
02886209
02886212
02886214
02886218
02886221
02886223
02886226
02886228
02886234
02886240
02886242
02886245
02886247
02886250
02886255
02886256
02886259
02886264
02886269
02886274
02886297
02886301
02886304
02886305
02886307
02886310
02886312
02886313
02886326
02886327
02886332
02886336
02886340
02886341
02886346
02886347
02886348
02886352
02886358
02886360
02886366
02886368
02886369
02886370
02886384
02886412
02886450
02886452
02886456
02886461
02886466
02886471
02886472
02886481
02886484
02886490
02886495
02886499
02886501
02886506
02886508
02886516
02886520
02886522
02886525
02886530
02886534
02886538
02886539
02886541
02886542
02886546
02886547
02886549
02886550
02886558
02886564
02886567
02886572
02886575
02886584
02886600
02886601
02886603
02886604
02886608
02886612
02886614
02886616
02886618
02886620
02886628
02886633
02886636
02886638
02886649
02886657
02886664
02886667
02886673
02886674
02886676
02886677
02886680
02886698
02886703
02886704
02886706
02886724
02886726
02886728
02886741
02886744
02886750
02886755
02886762
02886765
02886766
02886767
02886777
02886779
02886780
02886786
02886787
02886789
02886790
02886791
02886795
02886797
02886802
02886811
02886812
02886816
02886823
02886826
02886828
02886834
02886836
02886840
02886842
02886848
02886852
02886856
02886858
02886868
02886875
02886876
02886879
02886882
02886891
02886944
02886954
02886964
02886971
02886972
02886990
02886991
02886992
02887001
02887026
02887028
02887030
02887033
02887038
02887049
02887053
02887056
02887067
02887071
02887083
02887093
02887096
02887097
02887098
02887100
02887111
02887113
02887114
02887117
02887121
02887122
02887123
02887124
02887127
02887129
02887143
02887145
02887150
02887152
02887154
02887159
02887164
02887169
02887170
02887171
02887179
02887181
02887183
02887192
02887195
02887199
02887205
02887206
02887214
02887217
02887223
02887224
02887228
02887229
02887236
02887246
02887251
02887261
02887273
02887278
02887280
02887282
02887285
02887291
02887294
02887297
02887299
02887305
02887309
02887314
02887315
02887321
02887325
02887326
02887327
02887334
02887339
02887344
02887346
02887350
02887360
02887364
02887382
02887390
02887398
02887400
02887402
02887403
02887405
02887412
02887416
02887422
02887427
02887428
02887436
02887437
02887442
02887444
02887447
02887448
02887449
02887450
02887451
02887455
02887458
02887463
02887465
02887469
02887470
02887475
02887481
02887488
02887491
02887500
02887505
02887506
02887509
02887512
02887515
02887517
02887530
02887535
02887544
02887549
02887550
02887556
02887558
02887560
02887588
02887590
02887593
02887598
02887610
02887613
02887614
02887616
02887617
02887628
02887630
02887637
02887641
02887652
02887664
02887666
02887668
02887669
02887673
02887674
02887675
02887677
02887686
02887687
02887693
02887755
02887757
02887764
02887810
02887811
02887821
02887822
02887824
02887829
02887840
02887861
02887862
02887877
02887883
02887891
02887896
02887898
02887915
02887918
02887924
02887926
02887927
02887938
02887939
02887952
02887955
02887963
02887964
02887966
02887973
02887974
02887983
02887984
02887985
02887987
02887988
02888004
02888012
02888031
02888034
02888044
02888048
02888049
02888055
02888056
02888063
02888067
02888069
02888071
02888077
02888079
02888087
02888090
02888098
02888102
02888104
02888115
02888116
02888118
02888119
02888120
02888122
02888123
02888125
02888132
02888135
02888140
02888147
02888154
02888157
02888160
02888164
02888166
02888173
02888179
02888187
02888188
02888194
02888196
02888197
02888202
02888203
02888207
02888209
02888210
02888211
02888213
02888215
02888226
02888228
02888234
02888237
02888238
02888245
02888246
02888251
02888258
02888259
02888262
02888269
02888273
02888284
02888287
02888296
02888297
02888299
02888301
02888309
02888315
02888316
02888317
02888323
02888335
02888343
02888344
02888360
02888361
02888365
02888367
02888368
02888370
02888371
02888376
02888379
02888385
02888386
02888387
02888393
02888399
02888400
02888401
02888403
02888407
02888410
02888418
02888420
02888426
02888428
02888432
02888433
02888434
02888437
02888467
02888540
02888549
02888553
02888554
02888555
02888557
02888566
02888571
02888572
02888574
02888575
02888583
02888584
02888589
02888591
02888598
02888600
02888604
02888605
02888609
02888616
02888617
02888620
02888624
02888629
02888635
02888640
02888645
02888653
02888663
02888668
02888676
02888688
02888689
02888691
02888699
02888703
02888704
02888706
02888707
02888708
02888710
02888715
02888721
02888722
02888728
02888730
02888737
02888738
02888741
02888742
02888745
02888747
02888748
02888755
02888756
02888758
02888763
02888767
02888771
02888773
02888776
02888777
02888779
02888780
02888781
02888784
02888788
02888796
02888801
02888819
02888823
02888834
02888843
02888852
02888853
02888859
02888864
02888868
02888869
02888876
02888878
02888897
02888900
02888901
02888905
02888917
02888922
02888928
02888929
02888930
02888937
02888944
02888951
02888960
02888962
02888966
02888967
02888972
02888973
02888980
02888987
02888988
02888996
02889005
02889012
02889013
02889018
02889019
02889025
02889026
02889033
02889036
02889047
02889049
02889053
02889057
02889063
02889064
02889066
02889080
02889083
02889085
02889086
02889112
02889114
02889116
02889121
02889124
02889148
02889160
02889167
02889173
02889174
02889177
02889178
02889183
02889190
02889191
02889197
02889201
02889204
02889209
02889211
02889217
02889223
02889228
02889229
02889232
02889238
02889249
02889265
02889275
02889277
02889280
02889281
02889288
02889296
02889300
02889301
02889303
02889306
02889312
02889314
02889321
02889323
02889325
02889328
02889338
02889339
02889345
02889347
02889351
02889352
02889358
02889360
02889364
02889367
02889369
02889373
02889394
02889395
02889396
02889398
02889402
02889404
02889406
02889410
02889419
02889421
02889426
02889429
02889430
02889457
02889462
02889474
02889490
02889494
02889495
02889499
02889505
02889506
02889512
02889514
02889515
02889520
02889528
02889529
02889535
02889539
02889540
02889549
02889550
02889555
02889558
02889559
02889569
02889570
02889576
02889589
02889590
02889591
02889593
02889597
02889602
02889605
02889609
02889613
02889615
02889618
02889622
02889627
02889628
02889636
02889638
02889642
02889644
02889667
02889670
02889676
02889677
02889680
02889685
02889688
02889694
02889702
02889706
02889708
02889717
02889721
02889727
02889729
02889743
02889746
02889771
02889777
02889781
02889784
02889788
02889792
02889794
02889795
02889801
02889811
02889815
02889817
02889820
02889823
02889825
02889829
02889834
02889841
02889843
02889844
02889845
02889847
02889851
02889857
02889862
02889868
02889871
02889873
02889881
02889882
02889888
02889891
02889892
02889901
02889904
02889906
02889907
02889913
02889916
02889921
02889924
02889931
02889950
02889957
02889961
02889965
02889967
02889970
02889971
02889972
02889975
02889978
02889983
02889985
02889986
02889993
02890005
02890012
02890013
02890014
02890018
02890023
02890032
02890038
02890041
02890042
02890053
02890058
02890063
02890074
02890075
02890078
02890085
02890089
02890091
02890092
02890093
02890094
02890103
02890139
02890140
02890149
02890152
02890155
02890157
02890158
02890168
02890181
02890184
02890199
02890201
02890205
02890207
02890209
02890210
02890211
02890213
02890217
02890223
02890225
02890226
02890235
02890239
02890242
02890247
02890259
02890265
02890267
02890276
02890278
02890281
02890283
02890286
02890289
02890303
02890305
02890312
02890316
02890317
02890319
02890326
02890330
02890331
02890334
02890338
02890340
02890356
02890359
02890361
02890365
02890366
02890374
02890375
02890378
02890379
02890384
02890395
02890396
02890404
02890408
02890410
02890412
02890414
02890415
02890417
02890421
02890422
02890423
02890426
02890430
02890431
02890435
02890444
02890452
02890458
02890467
02890478
02890481
02890487
02890492
02890493
02890502
02890503
02890517
02890526
02890527
02890537
02890538
02890544
02890551
02890553
02890558
02890560
02890576
02890586
02890591
02890596
02890599
02890602
02890603
02890604
02890605
02890612
02890613
02890614
02890616
02890619
02890621
02890624
02890631
02890632
02890644
02890652
02890656
02890662
02890663
02890664
02890668
02890674
02890687
02890694
02890697
02890702
02890704
02890705
02890708
02890710
02890713
02890717
02890722
02890726
02890728
02890735
02890736
02890749
02890750
02890753
02890757
02890762
02890766
02890767
02890771
02890772
02890780
02890781
02890784
02890792
02890799
02890802
02890812
02890813
02890814
02890827
02890828
02890829
02890837
02890838
02890841
02890842
02890849
02890858
02890865
02890870
02890874
02890881
02890887
02890891
02890892
02890894
02890895
02890899
02890908
02890924
02890926
02890942
02890943
02890962
02890969
02890971
02890974
02890978
02890979
02890987
02890993
02890999
02891014
02891017
02891020
02891021
02891023
02891033
02891040
02891049
02891051
02891057
02891067
02891073
02891076
02891091
02891093
02891105
02891113
02891120
02891122
02891124
02891134
02891140
02891143
02891144
02891157
02891159
02891174
02891178
02891197
02891199
02891206
02891212
02891217
02891218
02891236
02891238
02891240
02891244
02891246
02891248
02891249
02891251
02891263
02891266
02891267
02891290
02891295
02891311
02891314
02891316
02891321
02891322
02891333
02891337
02891342
02891345
02891349
02891353
02891355
02891361
02891364
02891366
02891367
02891370
02891371
02891379
02891387
02891392
02891396
02891401
02891403
02891404
02891406
02891410
02891413
02891414
02891417
02891421
02891433
02891439
02891444
02891448
02891455
02891536
02891546
02891547
02891548
02891553
02891554
02891555
02891556
02891557
02891560
02891561
02891563
02891567
02891572
02891575
02891576
02891579
02891584
02891591
02891615
02891621
02891629
02891630
02891635
02891640
02891642
02891646
02891649
02891650
02891659
02891660
02891665
02891670
02891678
02891686
02891689
02891692
02891695
02891704
02891712
02891715
02891718
02891721
02891735
02891746
02891750
02891755
02891764
02891766
02891768
02891770
02891772
02891775
02891778
02891779
02891780
02891786
02891796
02891798
02891801
02891802
02891810
02891824
02891834
02891845
02891851
02891858
02891866
02891868
02891870
02891875
02891877
02891884
02891890
02891894
02891898
02891903
02891904
02891906
02891913
02891917
02891918
02891921
02891925
02891926
02891932
02891943
02891945
02891946
02891948
02891951
02891956
02891957
02891958
02891962
02891965
02891971
02891973
02891976
02891983
02891987
02891991
02892000
02892002
02892005
02892006
02892014
02892028
02892039
02892041
02892042
02892047
02892053
02892088
02892114
02892118
02892120
02892129
02892134
02892135
02892141
02892145
02892147
02892149
02892156
02892157
02892162
02892163
02892165
02892172
02892173
02892174
02892177
02892188
02892189
02892191
02892192
02892193
02892200
02892202
02892214
02892219
02892223
02892229
02892231
02892237
02892238
02892241
02892242
02892246
02892247
02892248
02892249
02892251
02892266
02892269
02892270
02892271
02892278
02892280
02892285
02892288
02892290
02892294
02892296
02892304
02892313
02892328
02892336
02892341
02892346
02892348
02892350
02892361
02892368
02892373
02892377
02892382
02892390
02892392
02892396
02892397
02892398
02892401
02892403
02892411
02892415
02892416
02892417
02892419
02892421
02892426
02892427
02892428
02892436
02892438
02892444
02892446
02892448
02892450
02892452
02892455
02892456
02892457
02892460
02892463
02892464
02892474
02892476
02892477
02892481
02892485
02892487
02892492
02892497
02892498
02892499
02892500
02892501
02892503
02892506
02892509
02892516
02892517
02892518
02892520
02892521
02892524
02892525
02892536
02892544
02892548
02892551
02892557
02892562
02892573
02892574
02892579
02892581
02892583
02892584
02892592
02892597
02892598
02892599
02892602
02892603
02892606
02892611
02892612
02892613
02892621
02892622
02892626
02892627
02892651
02892666
02892670
02892680
02892681
02892683
02892684
02892707
02892714
02892734
02892735
02892736
02892743
02892750
02892754
02892759
02892773
02892774
02892775
02892779
02892781
02892782
02892791
02892792
02892793
02892801
02892804
02892810
02892814
02892820
02892824
02892826
02892828
02892836
02892837
02892838
02892839
02892840
02892841
02892849
02892852
02892856
02892858
02892860
02892864
02892867
02892869
02892884
02892885
02892890
02892892
02892909
02892912
02892917
02892928
02892937
02892939
02892941
02892943
02892948
02892951
02892965
02892968
02892979
02892984
02892988
02892990
02892996
02893003
02893006
02893007
02893023
02893028
02893031
02893036
02893038
02893045
02893047
02893057
02893058
02893061
02893066
02893081
02893083
02893090
02893092
02893096
02893097
02893100
02893112
02893141
02893149
02893152
02893153
02893155
02893157
02893168
02893170
02893171
02893176
02893178
02893182
02893193
02893195
02893199
02893202
02893203
02893204
02893212
02893231
02893243
02893244
02893250
02893251
02893254
02893259
02893268
02893270
02893276
02893281
02893290
02893298
02893304
02893305
02893311
02893316
02893317
02893323
02893325
02893331
02893332
02893337
02893345
02893346
02893349
02893350
02893351
02893355
02893358
02893369
02893370
02893375
02893385
02893386
02893395
02893397
02893398
02893409
02893410
02893412
02893418
02893431
02893432
02893434
02893435
02893436
02893438
02893448
02893451
02893454
02893459
02893469
02893473
02893474
02893480
02893507
02893509
02893510
02893512
02893519
02893520
02893523
02893528
02893533
02893534
02893545
02893555
02893559
02893565
02893567
02893570
02893571
02893574
02893586
02893587
02893592
02893594
02893601
02893606
02893608
02893614
02893627
02893637
02893640
02893651
02893656
02893657
02893658
02893666
02893670
02893673
02893678
02893682
02893684
02893686
02893687
02893695
02893699
02893700
02893704
02893711
02893712
02893719
02893721
02893727
02893749
02893754
02893755
02893760
02893762
02893777
02893779
02893784
02893789
02893793
02893812
02893815
02893819
02893835
02893846
02893847
02893848
02893855
02893861
02893865
02893869
02893877
02893889
02893890
02893895
02893902
02893906
02893907
02893909
02893914
02893941
02893966
02893968
02893971
02893973
02893978
02893983
02893986
02893993
02893994
02894001
02894010
02894011
02894016
02894020
02894022
02894025
02894026
02894034
02894043
02894047
02894050
02894052
02894064
02894066
02894073
02894080
02894087
02894090
02894102
02894108
02894110
02894112
02894114
02894121
02894126
02894131
02894134
02894137
02894139
02894142
02894144
02894145
02894152
02894156
02894160
02894166
02894175
02894180
02894182
02894184
02894185
02894186
02894187
02894195
02894199
02894206
02894214
02894216
02894218
02894225
02894244
02894249
02894250
02894263
02894266
02894267
02894272
02894273
02894274
02894276
02894277
02894287
02894290
02894301
02894309
02894313
02894318
02894329
02894339
02894345
02894350
02894355
02894357
02894365
02894371
02894392
02894393
02894397
02894398
02894402
02894403
02894406
02894407
02894411
02894414
02894415
02894416
02894417
02894420
02894428
02894429
02894440
02894442
02894445
02894451
02894458
02894464
02894472
02894473
02894478
02894486
02894488
02894493
02894508
02894517
02894518
02894522
02894528
02894530
02894535
02894538
02894544
02894545
02894548
02894549
02894550
02894551
02894557
02894558
02894560
02894574
02894585
02894587
02894588
02894592
02894596
02894601
02894610
02894613
02894620
02894625
02894629
02894631
02894639
02894645
02894650
02894657
02894658
02894659
02894664
02894666
02894677
02894685
02894686
02894688
02894693
02894694
02894708
02894710
02894713
02894715
02894719
02894726
02894735
02894744
02894748
02894755
02894756
02894757
02894760
02894765
02894769
02894772
02894774
02894791
02894801
02894808
02894810
02894816
02894825
02894834
02894839
02894843
02894844
02894845
02894846
02894847
02894848
02894855
02894860
02894863
02894864
02894867
02894868
02894871
02894872
02894873
02894880
02894885
02894893
02894898
02894900
02894904
02894911
02894914
02894920
02894921
02894924
02894933
02894935
02894936
02894948
02894956
02894962
02894964
02894965
02894967
02894973
02894974
02894976
02894985
02894986
02894989
02894993
02895004
02895013
02895014
02895018
02895020
02895022
02895023
02895029
02895031
02895032
02895033
02895035
02895036
02895039
02895043
02895044
02895045
02895047
02895053
02895069
02895070
02895075
02895079
02895084
02895085
02895095
02895103
02895106
02895115
02895116
02895120
02895121
02895127
02895128
02895130
02895134
02895142
02895149
02895158
02895161
02895162
02895167
02895176
02895184
02895189
02895194
02895199
02895202
02895203
02895205
02895208
02895220
02895225
02895226
02895243
02895249
02895253
02895258
02895259
02895261
02895263
02895267
02895268
02895273
02895274
02895275
02895276
02895278
02895281
02895284
02895285
02895293
02895298
02895302
02895303
02895309
02895311
02895315
02895321
02895330
02895339
02895341
02895343
02895345
02895349
02895352
02895357
02895359
02895389
02895390
02895392
02895399
02895409
02895413
02895422
02895431
02895433
02895436
02895440
02895441
02895446
02895447
02895448
02895449
02895453
02895458
02895470
02895471
02895474
02895475
02895479
02895482
02895484
02895487
02895496
02895505
02895509
02895516
02895523
02895525
02895533
02895542
02895546
02895558
02895559
02895560
02895562
02895564
02895566
02895572
02895574
02895581
02895582
02895585
02895592
02895603
02895618
02895619
02895620
02895623
02895624
02895627
02895628
02895642
02895646
02895647
02895648
02895651
02895654
02895658
02895659
02895665
02895675
02895676
02895681
02895686
02895693
02895696
02895697
02895704
02895710
02895711
02895712
02895714
02895716
02895717
02895725
02895729
02895734
02895735
02895747
02895751
02895752
02895757
02895762
02895764
02895769
02895771
02895773
02895778
02895784
02895789
02895791
02895804
02895816
02895817
02895818
02895819
02895825
02895829
02895830
02895831
02895833
02895845
02895851
02895853
02895865
02895869
02895873
02895879
02895882
02895883
02895886
02895891
02895892
02895901
02895903
02895904
02895910
02895922
02895927
02895933
02895937
02895938
02895946
02895951
02895963
02895967
02895968
02895974
02895976
02895978
02895983
02895985
02895988
02895991
02895992
02896000
02896002
02896008
02896014
02896024
02896029
02896032
02896059
02896061
02896063
02896072
02896077
02896078
02896081
02896087
02896090
02896128
02896130
02896132
02896136
02896139
02896140
02896144
02896146
02896151
02896154
02896167
02896170
02896173
02896175
02896178
02896179
02896181
02896182
02896189
02896191
02896195
02896197
02896198
02896202
02896204
02896207
02896217
02896221
02896231
02896232
02896237
02896238
02896240
02896242
02896243
02896247
02896256
02896258
02896259
02896267
02896271
02896273
02896274
02896278
02896281
02896284
02896285
02896291
02896307
02896308
02896316
02896320
02896326
02896335
02896338
02896341
02896344
02896350
02896351
02896355
02896357
02896360
02896363
02896367
02896371
02896378
02896390
02896391
02896394
02896400
02896413
02896415
02896419
02896420
02896438
02896449
02896455
02896462
02896463
02896465
02896469
02896471
02896476
02896478
02896481
02896487
02896489
02896493
02896495
02896497
02896499
02896509
02896512
02896514
02896516
02896517
02896518
02896521
02896525
02896529
02896530
02896533
02896537
02896540
02896552
02896553
02896559
02896566
02896569
02896570
02896571
02896573
02896576
02896584
02896590
02896592
02896595
02896601
02896603
02896605
02896607
02896608
02896609
02896614
02896620
02896622
02896623
02896631
02896634
02896636
02896640
02896646
02896648
02896652
02896654
02896655
02896657
02896658
02896659
02896663
02896664
02896665
02896669
02896671
02896673
02896674
02896676
02896680
02896682
02896695
02896697
02896700
02896703
02896706
02896710
02896716
02896720
02896722
02896729
02896734
02896737
02896741
02896742
02896750
02896754
02896756
02896757
02896761
02896770
02896778
02896788
02896791
02896794
02896795
02896796
02896798
02896810
02896812
02896815
02896822
02896825
02896832
02896843
02896844
02896849
02896851
02896853
02896856
02896869
02896871
02896876
02896886
02896889
02896905
02896906
02896908
02896917
02896919
02896920
02896923
02896925
02896926
02896929
02896930
02896941
02896942
02896944
02896947
02896949
02896951
02896955
02896958
02896963
02896965
02896970
02896972
02896973
02896974
02896978
02896981
02896986
02896988
02896989
02896991
02896997
02896998
02897001
02897005
02897023
02897031
02897034
02897035
02897040
02897044
02897046
02897048
02897052
02897059
02897061
02897073
02897077
02897081
02897082
02897090
02897092
02897096
02897097
02897100
02897101
02897102
02897103
02897105
02897106
02897108
02897111
02897112
02897116
02897130
02897132
02897136
02897140
02897145
02897146
02897149
02897160
02897164
02897165
02897175
02897176
02897180
02897182
02897190
02897191
02897197
02897208
02897211
02897215
02897219
02897232
02897241
02897242
02897246
02897252
02897255
02897259
02897271
02897289
02897299
02897303
02897304
02897308
02897309
02897311
02897314
02897319
02897322
02897326
02897334
02897341
02897344
02897347
02897348
02897349
02897352
02897359
02897360
02897367
02897372
02897391
02897401
02897402
02897407
02897409
02897411
02897414
02897415
02897420
02897421
02897435
02897438
02897440
02897446
02897447
02897448
02897453
02897454
02897465
02897467
02897476
02897477
02897479
02897484
02897485
02897489
02897497
02897504
02897506
02897509
02897521
02897525
02897541
02897550
02897552
02897555
02897558
02897559
02897564
02897568
02897573
02897578
02897583
02897593
02897595
02897596
02897597
02897602
02897605
02897614
02897629
02897634
02897646
02897666
02897667
02897670
02897680
02897681
02897693
02897695
02897697
02897698
02897703
02897707
02897716
02897721
02897726
02897741
02897750
02897751
02897758
02897771
02897773
02897774
02897781
02897786
02897796
02897799
02897811
02897827
02897835
02897838
02897843
02897863
02897864
02897867
02897870
02897874
02897877
02897898
02897905
02897906
02897910
02897919
02897926
02897935
02897937
02897946
02897947
02897948
02897949
02897955
02897959
02897960
02897963
02897969
02897972
02897975
02897978
02897994
02897995
02898010
02898013
02898020
02898030
02898032
02898041
02898052
02898059
02898062
02898065
02898074
02898080
02898088
02898092
02898096
02898101
02898105
02898110
02898113
02898117
02898119
02898123
02898124
02898126
02898133
02898134
02898147
02898152
02898159
02898160
02898161
02898162
02898168
02898169
02898170
02898172
02898178
02898209
02898214
02898215
02898216
02898221
02898227
02898229
02898230
02898237
02898239
02898241
02898247
02898248
02898249
02898250
02898254
02898262
02898267
02898268
02898271
02898281
02898287
02898288
02898289
02898316
02898318
02898320
02898327
02898331
02898337
02898346
02898349
02898362
02898363
02898365
02898373
02898374
02898375
02898385
02898388
02898394
02898397
02898402
02898411
02898412
02898417
02898423
02898426
02898428
02898432
02898435
02898436
02898438
02898439
02898442
02898445
02898456
02898468
02898473
02898479
02898484
02898487
02898489
02898496
02898502
02898509
02898512
02898515
02898518
02898520
02898521
02898524
02898528
02898530
02898531
02898541
02898543
02898554
02898559
02898560
02898563
02898567
02898568
02898569
02898573
02898582
02898586
02898590
02898593
02898594
02898598
02898600
02898602
02898603
02898636
02898638
02898645
02898646
02898647
02898657
02898658
02898664
02898669
02898676
02898678
02898679
02898682
02898687
02898688
02898694
02898698
02898701
02898707
02898708
02898713
02898717
02898723
02898727
02898733
02898737
02898738
02898742
02898744
02898745
02898751
02898752
02898753
02898754
02898763
02898771
02898775
02898777
02898780
02898781
02898790
02898791
02898796
02898798
02898800
02898807
02898810
02898814
02898817
02898822
02898828
02898829
02898832
02898837
02898839
02898841
02898843
02898848
02898849
02898851
02898859
02898860
02898864
02898867
02898871
02898873
02898875
02898879
02898880
02898891
02898893
02898896
02898897
02898898
02898899
02898900
02898902
02898906
02898910
02898911
02898912
02898916
02898921
02898924
02898925
02898942
02898950
02898959
02898968
02898970
02898971
02898977
02898997
02898998
02899007
02899016
02899017
02899041
02899044
02899048
02899054
02899058
02899059
02899062
02899066
02899068
02899070
02899071
02899076
02899080
02899082
02899102
02899105
02899113
02899114
02899119
02899133
02899141
02899143
02899144
02899150
02899152
02899156
02899159
02899166
02899174
02899176
02899179
02899185
02899189
02899190
02899202
02899211
02899220
02899224
02899230
02899234
02899240
02899243
02899245
02899259
02899260
02899272
02899278
02899284
02899290
02899293
02899295
02899304
02899309
02899310
02899311
02899313
02899315
02899317
02899321
02899322
02899323
02899324
02899325
02899326
02899327
02899328
02899329
02899330
02899333
02899335
02899337
02899342
02899344
02899353
02899370
02899372
02899373
02899375
02899376
02899377
02899381
02899390
02899393
02899396
02899402
02899407
02899408
02899410
02899414
02899429
02899430
02899431
02899433
02899441
02899442
02899451
02899452
02899456
02899460
02899462
02899463
02899464
02899470
02899471
02899486
02899489
02899490
02899499
02899502
02899526
02899534
02899540
02899543
02899546
02899553
02899559
02899560
02899561
02899570
02899574
02899575
02899580
02899585
02899588
02899589
02899598
02899600
02899602
02899604
02899608
02899611
02899616
02899621
02899622
02899633
02899635
02899638
02899648
02899650
02899660
02899663
02899672
02899691
02899692
02899694
02899700
02899704
02899714
02899718
02899723
02899727
02899730
02899732
02899739
02899752
02899755
02899756
02899759
02899760
02899762
02899768
02899769
02899773
02899775
02899777
02899778
02899783
02899784
02899786
02899795
02899798
02899808
02899813
02899817
02899818
02899820
02899821
02899830
02899832
02899835
02899839
02899841
02899853
02899856
02899859
02899861
02899868
02899872
02899873
02899884
02899898
02899924
02899938
02899940
02899952
02899958
02899959
02899961
02899966
02899972
02899974
02899975
02899977
02899979
02899981
02899985
02899993
02899996
02899998
02900002
02900003
02900006
02900008
02900013
02900014
02900018
02900021
02900022
02900024
02900026
02900031
02900042
02900044
02900048
02900050
02900063
02900064
02900069
02900073
02900075
02900076
02900084
02900091
02900094
02900101
02900108
02900110
02900111
02900116
02900121
02900126
02900136
02900145
02900148
02900150
02900153
02900155
02900156
02900159
02900161
02900167
02900169
02900170
02900172
02900175
02900176
02900181
02900182
02900186
02900194
02900200
02900201
02900204
02900207
02900208
02900212
02900222
02900236
02900252
02900253
02900257
02900258
02900263
02900264
02900266
02900267
02900268
02900276
02900278
02900279
02900285
02900305
02900308
02900314
02900315
02900316
02900317
02900320
02900321
02900331
02900332
02900338
02900341
02900342
02900347
02900351
02900357
02900362
02900366
02900371
02900376
02900378
02900380
02900385
02900386
02900391
02900394
02900395
02900396
02900398
02900400
02900403
02900404
02900409
02900410
02900415
02900418
02900419
02900423
02900424
02900434
02900451
02900455
02900458
02900462
02900463
02900466
02900470
02900472
02900476
02900477
02900480
02900483
02900486
02900489
02900490
02900493
02900495
02900503
02900517
02900520
02900525
02900527
02900528
02900538
02900539
02900543
02900546
02900547
02900554
02900557
02900563
02900572
02900578
02900583
02900589
02900590
02900592
02900594
02900596
02900597
02900598
02900604
02900610
02900612
02900614
02900616
02900618
02900626
02900627
02900635
02900637
02900640
02900643
02900649
02900654
02900655
02900657
02900659
02900669
02900672
02900673
02900684
02900691
02900692
02900695
02900702
02900705
02900709
02900711
02900715
02900717
02900718
02900719
02900721
02900722
02900728
02900729
02900734
02900735
02900739
02900754
02900755
02900757
02900770
02900775
02900777
02900778
02900780
02900785
02900803
02900816
02900834
02900835
02900838
02900842
02900843
02900851
02900865
02900872
02900881
02900894
02900897
02900898
02900904
02900906
02900913
02900917
02900919
02900923
02900924
02900925
02900926
02900928
02900933
02900934
02900935
02900937
02900939
02900943
02900957
02900960
02900962
02900969
02900970
02900972
02900974
02900976
02900979
02900981
02900982
02900986
02900988
02900992
02900998
02901001
02901003
02901004
02901007
02901010
02901011
02901014
02901022
02901024
02901028
02901034
02901036
02901040
02901043
02901046
02901057
02901062
02901064
02901078
02901088
02901092
02901093
02901098
02901101
02901107
02901110
02901112
02901116
02901117
02901120
02901121
02901128
02901129
02901137
02901140
02901141
02901142
02901150
02901171
02901172
02901179
02901184
02901193
02901205
02901213
02901216
02901219
02901223
02901229
02901231
02901234
02901238
02901244
02901245
02901248
02901250
02901260
02901262
02901264
02901265
02901266
02901268
02901280
02901286
02901287
02901293
02901296
02901299
02901304
02901305
02901315
02901317
02901320
02901322
02901325
02901331
02901333
02901334
02901340
02901342
02901344
02901346
02901348
02901352
02901357
02901360
02901361
02901367
02901373
02901374
02901380
02901384
02901386
02901391
02901392
02901396
02901399
02901402
02901406
02901410
02901411
02901420
02901421
02901422
02901424
02901427
02901428
02901431
02901434
02901436
02901437
02901439
02901453
02901455
02901465
02901467
02901471
02901472
02901473
02901475
02901477
02901479
02901481
02901488
02901489
02901490
02901495
02901497
02901507
02901514
02901518
02901528
02901534
02901535
02901539
02901540
02901542
02901543
02901547
02901549
02901554
02901557
02901560
02901563
02901565
02901566
02901569
02901571
02901575
02901578
02901583
02901585
02901587
02901590
02901591
02901593
02901598
02901601
02901606
02901612
02901613
02901614
02901617
02901633
02901637
02901647
02901651
02901654
02901657
02901659
02901664
02901667
02901668
02901679
02901681
02901682
02901684
02901689
02901694
02901695
02901699
02901701
02901704
02901705
02901708
02901712
02901713
02901716
02901717
02901722
02901724
02901732
02901733
02901736
02901738
02901740
02901747
02901748
02901749
02901753
02901766
02901770
02901775
02901779
02901781
02901790
02901792
02901794
02901810
02901811
02901812
02901815
02901817
02901827
02901829
02901834
02901840
02901845
02901847
02901848
02901864
02901865
02901868
02901877
02901880
02901882
02901889
02901892
02901900
02901910
02901913
02901918
02901941
02901950
02901954
02901965
02901971
02901976
02901983
02901984
02901997
02901998
02902000
02902002
02902006
02902007
02902017
02902018
02902019
02902020
02902023
02902025
02902026
02902027
02902042
02902044
02902047
02902051
02902057
02902060
02902062
02902065
02902067
02902074
02902080
02902081
02902082
02902087
02902089
02902096
02902102
02902111
02902120
02902122
02902126
02902128
02902138
02902142
02902179
02902182
02902183
02902188
02902194
02902195
02902196
02902198
02902200
02902202
02902210
02902216
02902218
02902220
02902221
02902234
02902240
02902249
02902252
02902253
02902256
02902262
02902263
02902264
02902266
02902268
02902270
02902273
02902278
02902282
02902292
02902295
02902300
02902302
02902310
02902316
02902317
02902318
02902325
02902326
02902329
02902337
02902338
02902339
02902342
02902345
02902355
02902370
02902383
02902387
02902388
02902399
02902402
02902403
02902408
02902409
02902411
02902422
02902425
02902427
02902431
02902439
02902441
02902443
02902455
02902456
02902460
02902468
02902469
02902474
02902476
02902477
02902478
02902495
02902498
02902504
02902506
02902514
02902520
02902522
02902524
02902528
02902531
02902548
02902551
02902555
02902558
02902559
02902570
02902572
02902582
02902588
02902589
02902592
02902600
02902606
02902616
02902617
02902622
02902624
02902627
02902636
02902638
02902639
02902640
02902642
02902643
02902644
02902645
02902648
02902651
02902654
02902662
02902663
02902665
02902676
02902680
02902685
02902688
02902690
02902692
02902698
02902701
02902710
02902711
02902716
02902722
02902726
02902728
02902733
02902734
02902738
02902744
02902746
02902758
02902759
02902760
02902778
02902779
02902787
02902789
02902792
02902795
02902798
02902799
02902809
02902819
02902826
02902827
02902831
02902832
02902834
02902841
02902842
02902844
02902848
02902854
02902858
02902860
02902861
02902870
02902871
02902875
02902880
02902881
02902882
02902888
02902891
02902895
02902901
02902902
02902911
02902945
02902950
02902956
02902960
02902969
02902987
02902988
02902989
02902992
02902993
02902996
02903000
02903003
02903009
02903011
02903012
02903024
02903029
02903030
02903031
02903035
02903036
02903040
02903044
02903045
02903046
02903048
02903056
02903059
02903070
02903090
02903094
02903095
02903105
02903106
02903107
02903108
02903111
02903115
02903116
02903119
02903120
02903121
02903123
02903124
02903133
02903135
02903136
02903137
02903142
02903147
02903148
02903150
02903152
02903155
02903156
02903164
02903182
02903184
02903192
02903197
02903198
02903213
02903226
02903231
02903232
02903244
02903249
02903250
02903258
02903267
02903271
02903272
02903279
02903286
02903289
02903299
02903308
02903310
02903311
02903312
02903314
02903317
02903319
02903322
02903333
02903335
02903343
02903353
02903356
02903360
02903363
02903379
02903381
02903383
02903390
02903395
02903397
02903400
02903402
02903407
02903428
02903429
02903430
02903465
02903484
02903485
02903509
02903510
02903512
02903518
02903526
02903528
02903529
02903530
02903533
02903539
02903540
02903548
02903549
02903551
02903553
02903555
02903556
02903565
02903572
02903579
02903580
02903582
02903585
02903586
02903592
02903598
02903599
02903601
02903602
02903607
02903608
02903609
02903624
02903625
02903626
02903630
02903632
02903636
02903651
02903652
02903659
02903667
02903677
02903681
02903686
02903689
02903693
02903697
02903704
02903706
02903707
02903726
02903736
02903738
02903739
02903747
02903760
02903761
02903765
02903774
02903775
02903776
02903777
02903781
02903782
02903789
02903790
02903794
02903796
02903802
02903805
02903817
02903818
02903820
02903822
02903824
02903831
02903833
02903835
02903843
02903844
02903848
02903856
02903860
02903861
02903863
02903865
02903874
02903878
02903880
02903883
02903884
02903890
02903907
02903910
02903911
02903914
02903917
02903921
02903923
02903924
02903925
02903932
02903935
02903940
02903943
02903946
02903949
02903950
02903967
02903968
02903969
02903970
02903972
02903974
02903985
02903986
02903989
02903991
02903992
02903999
02904001
02904013
02904014
02904017
02904022
02904024
02904025
02904033
02904039
02904041
02904049
02904051
02904052
02904063
02904064
02904068
02904070
02904073
02904081
02904084
02904085
02904087
02904090
02904104
02904115
02904117
02904126
02904127
02904130
02904134
02904139
02904147
02904148
02904151
02904153
02904155
02904157
02904159
02904166
02904170
02904171
02904175
02904178
02904181
02904193
02904201
02904205
02904210
02904216
02904218
02904221
02904225
02904228
02904246
02904247
02904248
02904249
02904250
02904253
02904255
02904261
02904269
02904276
02904281
02904283
02904284
02904285
02904286
02904288
02904289
02904290
02904299
02904302
02904306
02904307
02904312
02904316
02904321
02904323
02904329
02904331
02904335
02904337
02904340
02904341
02904343
02904346
02904352
02904360
02904368
02904369
02904372
02904373
02904376
02904378
02904380
02904382
02904385
02904389
02904398
02904401
02904404
02904405
02904406
02904412
02904416
02904418
02904422
02904424
02904425
02904427
02904433
02904437
02904444
02904448
02904454
02904456
02904458
02904459
02904463
02904465
02904466
02904469
02904476
02904478
02904479
02904488
02904490
02904491
02904493
02904499
02904500
02904501
02904506
02904509
02904511
02904512
02904520
02904526
02904533
02904534
02904538
02904540
02904544
02904545
02904547
02904548
02904554
02904561
02904563
02904574
02904584
02904585
02904586
02904588
02904596
02904600
02904603
02904605
02904609
02904611
02904614
02904617
02904623
02904625
02904627
02904633
02904634
02904635
02904636
02904638
02904639
02904643
02904644
02904650
02904651
02904657
02904658
02904659
02904661
02904665
02904668
02904669
02904672
02904683
02904686
02904688
02904689
02904690
02904693
02904697
02904703
02904712
02904713
02904714
02904724
02904729
02904731
02904736
02904737
02904740
02904752
02904758
02904759
02904760
02904781
02904783
02904787
02904788
02904791
02904794
02904799
02904802
02904803
02904808
02904817
02904819
02904821
02904823
02904827
02904829
02904832
02904843
02904844
02904845
02904846
02904848
02904854
02904855
02904858
02904860
02904864
02904867
02904870
02904873
02904874
02904875
02904883
02904887
02904888
02904889
02904890
02904895
02904899
02904905
02904906
02904912
02904916
02904922
02904924
02904927
02904928
02904930
02904934
02904940
02904947
02904950
02904954
02904957
02904959
02904960
02904966
02904967
02904973
02904976
02904981
02904991
02904992
02904999
02905009
02905013
02905021
02905022
02905034
02905036
02905038
02905039
02905040
02905043
02905045
02905047
02905057
02905064
02905065
02905066
02905068
02905069
02905071
02905078
02905080
02905083
02905088
02905092
02905093
02905096
02905097
02905099
02905107
02905108
02905111
02905113
02905118
02905120
02905121
02905125
02905131
02905132
02905135
02905136
02905140
02905142
02905143
02905146
02905149
02905151
02905156
02905173
02905175
02905184
02905189
02905203
02905231
02905233
02905236
02905237
02905240
02905242
02905248
02905249
02905251
02905252
02905254
02905257
02905263
02905269
02905271
02905272
02905273
02905277
02905280
02905284
02905290
02905293
02905294
02905295
02905304
02905306
02905307
02905309
02905312
02905315
02905316
02905319
02905322
02905329
02905331
02905334
02905336
02905339
02905341
02905349
02905362
02905369
02905371
02905377
02905379
02905382
02905385
02905391
02905392
02905397
02905399
02905405
02905406
02905412
02905413
02905420
02905421
02905422
02905424
02905425
02905427
02905433
02905435
02905438
02905446
02905449
02905453
02905454
02905457
02905459
02905462
02905463
02905465
02905478
02905479
02905485
02905486
02905488
02905494
02905508
02905512
02905515
02905516
02905519
02905529
02905532
02905539
02905542
02905550
02905554
02905558
02905562
02905568
02905572
02905573
02905575
02905576
02905584
02905592
02905602
02905603
02905606
02905608
02905609
02905618
02905620
02905622
02905623
02905627
02905634
02905637
02905640
02905642
02905650
02905657
02905661
02905678
02905684
02905686
02905708
02905711
02905715
02905716
02905718
02905720
02905723
02905724
02905728
02905730
02905733
02905737
02905739
02905741
02905743
02905745
02905748
02905750
02905751
02905752
02905761
02905763
02905768
02905772
02905774
02905775
02905776
02905791
02905797
02905799
02905805
02905806
02905809
02905812
02905823
02905827
02905828
02905831
02905833
02905834
02905838
02905842
02905848
02905850
02905851
02905852
02905857
02905859
02905860
02905861
02905868
02905869
02905873
02905877
02905880
02905886
02905889
02905894
02905896
02905899
02905902
02905904
02905906
02905912
02905913
02905914
02905916
02905922
02905924
02905927
02905935
02905936
02905937
02905941
02905944
02905946
02905948
02905949
02905953
02905955
02905960
02905963
02905964
02905969
02905972
02905973
02905974
02905976
02905985
02905987
02905988
02905989
02905991
02905999
02906001
02906006
02906007
02906008
02906009
02906011
02906015
02906024
02906025
02906039
02906043
02906048
02906051
02906057
02906066
02906078
02906087
02906099
02906100
02906121
02906130
02906136
02906138
02906140
02906147
02906148
02906149
02906150
02906153
02906160
02906167
02906172
02906178
02906184
02906187
02906191
02906192
02906198
02906201
02906203
02906204
02906206
02906212
02906230
02906231
02906236
02906242
02906245
02906246
02906251
02906263
02906271
02906272
02906273
02906275
02906277
02906279
02906281
02906282
02906287
02906292
02906295
02906308
02906312
02906316
02906323
02906325
02906326
02906327
02906332
02906343
02906351
02906360
02906363
02906370
02906379
02906381
02906392
02906401
02906405
02906412
02906429
02906431
02906439
02906441
02906444
02906457
02906460
02906461
02906462
02906463
02906464
02906468
02906470
02906477
02906478
02906480
02906485
02906493
02906504
02906518
02906519
02906521
02906522
02906527
02906528
02906529
02906530
02906535
02906538
02906541
02906542
02906546
02906550
02906552
02906553
02906559
02906561
02906562
02906563
02906565
02906569
02906572
02906583
02906584
02906588
02906589
02906595
02906596
02906599
02906602
02906609
02906612
02906614
02906616
02906626
02906627
02906628
02906629
02906631
02906638
02906641
02906645
02906653
02906662
02906663
02906664
02906665
02906668
02906689
02906691
02906692
02906693
02906694
02906700
02906703
02906704
02906706
02906714
02906720
02906722
02906731
02906740
02906741
02906743
02906744
02906747
02906750
02906755
02906765
02906774
02906779
02906781
02906788
02906795
02906798
02906799
02906802
02906805
02906809
02906813
02906815
02906819
02906828
02906834
02906836
02906838
02906839
02906846
02906848
02906854
02906856
02906863
02906870
02906872
02906875
02906880
02906888
02906889
02906890
02906894
02906895
02906898
02906902
02906905
02906907
02906914
02906938
02906942
02906943
02906945
02906947
02906952
02906963
02906964
02906969
02906973
02906978
02906983
02906984
02906993
02907001
02907013
02907016
02907018
02907023
02907029
02907033
02907035
02907045
02907052
02907064
02907065
02907066
02907067
02907071
02907075
02907080
02907082
02907085
02907086
02907087
02907092
02907094
02907099
02907100
02907101
02907102
02907111
02907112
02907115
02907131
02907134
02907135
02907137
02907139
02907145
02907149
02907154
02907157
02907160
02907161
02907163
02907164
02907166
02907169
02907173
02907179
02907180
02907183
02907187
02907188
02907189
02907190
02907197
02907198
02907215
02907223
02907225
02907230
02907237
02907242
02907245
02907251
02907255
02907257
02907267
02907272
02907276
02907281
02907282
02907283
02907289
02907294
02907295
02907296
02907308
02907313
02907315
02907329
02907333
02907334
02907349
02907351
02907354
02907356
02907363
02907367
02907370
02907375
02907376
02907378
02907379
02907388
02907390
02907391
02907399
02907400
02907404
02907413
02907414
02907416
02907426
02907430
02907434
02907440
02907442
02907444
02907447
02907448
02907449
02907450
02907482
02907483
02907484
02907487
02907497
02907498
02907499
02907505
02907507
02907510
02907521
02907525
02907527
02907530
02907532
02907537
02907538
02907543
02907546
02907552
02907554
02907555
02907556
02907559
02907561
02907564
02907577
02907581
02907583
02907585
02907591
02907592
02907605
02907614
02907617
02907619
02907626
02907631
02907632
02907635
02907637
02907638
02907641
02907644
02907646
02907656
02907658
02907667
02907674
02907677
02907678
02907686
02907689
02907694
02907696
02907697
02907708
02907709
02907711
02907713
02907714
02907716
02907726
02907727
02907730
02907734
02907735
02907737
02907738
02907740
02907747
02907753
02907755
02907758
02907765
02907769
02907783
02907796
02907798
02907800
02907807
02907808
02907812
02907813
02907815
02907817
02907818
02907820
02907823
02907826
02907832
02907834
02907842
02907844
02907859
02907864
02907867
02907868
02907871
02907874
02907880
02907885
02907897
02907899
02907903
02907911
02907915
02907922
02907926
02907927
02907935
02907945
02907947
02907950
02907954
02907957
02907958
02907963
02907965
02907970
02907972
02907977
02907980
02907982
02907991
02907994
02907998
02908001
02908004
02908011
02908013
02908021
02908024
02908031
02908033
02908038
02908044
02908050
02908051
02908052
02908056
02908057
02908061
02908063
02908071
02908075
02908080
02908086
02908088
02908089
02908091
02908094
02908095
02908099
02908102
02908103
02908105
02908112
02908114
02908119
02908125
02908127
02908129
02908131
02908141
02908142
02908147
02908151
02908161
02908163
02908164
02908167
02908168
02908169
02908187
02908190
02908191
02908196
02908198
02908199
02908201
02908202
02908204
02908212
02908216
02908220
02908222
02908223
02908226
02908228
02908231
02908232
02908239
02908242
02908245
02908251
02908257
02908259
02908261
02908267
02908272
02908276
02908279
02908282
02908290
02908293
02908300
02908303
02908305
02908307
02908310
02908313
02908317
02908318
02908330
02908337
02908342
02908345
02908346
02908349
02908351
02908355
02908357
02908359
02908362
02908366
02908368
02908372
02908373
02908384
02908388
02908391
02908402
02908403
02908423
02908428
02908436
02908441
02908444
02908447
02908450
02908451
02908452
02908453
02908460
02908466
02908470
02908471
02908475
02908476
02908479
02908490
02908503
02908514
02908517
02908520
02908523
02908531
02908549
02908554
02908566
02908572
02908587
02908593
02908595
02908600
02908607
02908608
02908609
02908612
02908620
02908632
02908640
02908647
02908662
02908668
02908669
02908672
02908681
02908683
02908687
02908688
02908707
02908717
02908720
02908725
02908729
02908730
02908733
02908734
02908741
02908743
02908745
02908751
02908756
02908757
02908763
02908765
02908777
02908781
02908786
02908788
02908795
02908811
02908813
02908839
02908842
02908857
02908861
02908871
02908872
02908878
02908880
02908881
02908891
02908901
02908903
02908908
02908919
02908922
02908927
02908929
02908939
02908940
02908942
02908944
02908945
02908950
02908971
02908977
02908981
02908985
02908991
02908994
02908997
02909000
02909001
02909002
02909009
02909017
02909020
02909021
02909022
02909028
02909029
02909056
02909057
02909060
02909074
02909075
02909084
02909085
02909094
02909095
02909110
02909118
02909122
02909123
02909130
02909143
02909153
02909160
02909165
02909169
02909171
02909172
02909177
02909179
02909180
02909183
02909186
02909190
02909191
02909195
02909209
02909211
02909212
02909213
02909214
02909215
02909216
02909220
02909224
02909231
02909236
02909247
02909261
02909269
02909285
02909288
02909294
02909295
02909298
02909319
02909323
02909329
02909330
02909344
02909363
02909374
02909384
02909387
02909398
02909400
02909402
02909409
02909414
02909418
02909419
02909421
02909423
02909424
02909438
02909440
02909444
02909446
02909454
02909456
02909460
02909466
02909467
02909475
02909480
02909481
02909486
02909493
02909494
02909504
02909508
02909513
02909527
02909530
02909532
02909541
02909544
02909550
02909558
02909564
02909572
02909580
02909584
02909585
02909596
02909597
02909602
02909603
02909604
02909621
02909633
02909636
02909647
02909648
02909649
02909652
02909656
02909657
02909662
02909663
02909667
02909691
02909701
02909702
02909707
02909708
02909709
02909714
02909716
02909717
02909719
02909720
02909722
02909725
02909730
02909739
02909746
02909747
02909748
02909751
02909753
02909754
02909755
02909756
02909758
02909760
02909767
02909770
02909771
02909775
02909777
02909843
02909854
02909864
02909885
02909894
02909897
02909898
02909922
02909926
02909962
02909965
02909971
02910005
02910007
02910009
02910015
02910017
02910020
02910024
02910025
02910034
02910037
02910042
02910050
02910051
02910052
02910053
02910054
02910060
02910062
02910069
02910072
02910073
02910074
02910080
02910084
02910088
02910094
02910102
02910106
02910110
02910112
02910123
02910126
02910141
02910145
02910146
02910151
02910152
02910156
02910162
02910167
02910171
02910179
02910184
02910188
02910189
02910199
02910201
02910204
02910209
02910211
02910214
02910216
02910219
02910227
02910228
02910243
02910245
02910248
02910255
02910259
02910263
02910272
02910277
02910290
02910294
02910305
02910313
02910321
02910323
02910329
02910338
02910343
02910344
02910348
02910353
02910355
02910359
02910363
02910377
02910387
02910406
02910411
02910419
02910426
02910434
02910452
02910453
02910455
02910458
02910468
02910503
02910511
02910519
02910544
02910548
02910574
02910582
02910599
02910606
02910616
02910617
02910619
02910620
02910635
02910641
02910649
02910670
02910693
02910700
02910726
02910735
02910773
02910779
02910786
02910809
02910821
02910832
02910834
02910846
02910849
02910872
02910887
02910894
02910900
02910931
02910944
02910945
02910953
02910957
02910997
02911000
02911014
02911027
02911055
02911057
02911058
02911096
02911097
02911140
02911145
02911150
02911174
02911197
02911206
02911230
02911256
02911280
02911299
02911300
02911309
02911316
02911317
02911334
02911343
02911367
02911404
02911405
02911422
02911432
02911445
02911451
02911502
02911508
02911519
02911520
02911527
02911569
02911598
02911621
02911664
02911673
02911680
02911682
02911699
02911704
02911719
02911779
02911781
02911783
02911812
02911843
02911846
02911847
02911850
02911855
02911858
02911872
02911873
02911891
02911897
02911914
02911915
02911925
02911942
02911947
02911962
02911972
02911987
02911993
02912000
02912005
02912013
02912017
02912042
02912043
02912056
02912058
02912059
02912072
02912074
02912083
02912085
02912092
02912093
02912095
02912111
02912140
02912145
02912166
02912168
02912176
02912181
02912190
02912197
02912209
02912216
02912230
02912246
02912250
02912266
02912270
02912317
02912323
02912337
02912338
02912354
02912355
02912368
02912378
02912380
02912382
02912384
02912391
02912402
02912413
02912414
02912436
02912460
02912471
02912481
02912498
02912504
02912535
02912545
02912556
02912560
02912577
02912580
02912591
02912595
02912596
02912597
02912616
02912625
02912632
02912635
02912637
02912656
02912670
02912685
02912730
02912787
02912791
02912792
02912798
02912806
02912819
02912830
02912833
02912839
02912857
02912860
02912861
02912869
02912871
02912876
02912883
02912890
02912891
02912894
02912901
02912906
02912917
02912955
02912982
02913000
02913026
02913052
02913072
02913084
02913087
02913088
02913133
02913171
02913181
02913212
02913224
02913229
02913243
02913248
02913271
02913326
02913328
02913344
02913345
02913358
02913364
02913370
02913374
02913378
02913383
02913396
02913397
02913414
02913434
02913484
02913525
02913530
02913581
02913590
02913592
02913614
02913620
02913638
02913652
02913665
02913687
02913703
02913728
02913730
02913732
02913738
02913741
02913747
02913753
02913761
02913777
02913844
02913864
02913908
02913911
02913974
02913986
02913987
02913991
02914038
02914039
02914042
02914057
02914083
02914110
02914220
02914253
02914262
02914275
02914277
02914284
02914289
02914301
02914304
02914319
02914321
02914322
02914323
02914327
02914332
02914337
02914354
02914357
02914360
02914383
02914416
02914429
02914438
02914459
02914477
02914490
02914526
02914538
02914540
02914546
02914550
02914588
02914593
02914645
02914650
02914659
02914675
02914715
02914752
02914758
02914789
02914868
02914888
02914901
02914914
02914934
02914959
02914961
02914969
02914988
02915034
02915057
02915067
02915097
02915134
02915175
02915199
02915210
02915236
02915261
02915264
02915279
02915281
02915305
02915306
02915321
02915341
02915358
02915391
02915396
02915397
02915439
02915474
02915521
02915524
02915620
02915633
02915636
02915682
02915683
02915684
02915694
02915701
02915704
02915712
02915731
02915753
02915756
02915758
02915768
02915787
02915816
02915819
02915828
02915838
02915842
02915861
02915862
02915864
02915872
02915914
02915925
02915941
02915942
02915949
02915955
02915967
02915974
02915987
02916021
02916035
02916053
02916057
02916092
02916100
02916106
02916119
02916221
02916224
02916243
02916247
02916251
02916257
02916264
02916280
02916311
02916316
02916326
02916342
02916344
02916358
02916367
02916393
02916407
02916450
02916462
02916466
02916480
02916488
02916518
02916542
02916581
02916593
02916595
02916601
02916618
02916673
02916686
02916725
02916744
02916764
02916768
02916773
02916775
02916824
02916839
02916846
02916867
02916907
02916944
02916957
02916969
02917051
02917053
02917065
02917078
02917086
02917095
02917109
02917126
02917136
02917177
02917179
02917213
02917214
02917222
02917236
02917255
02917257
02917278
02917283
02917336
02917344
02917391
02917427
02917442
02917469
02917476
02917494
02917499
02917501
02917504
02917506
02917507
02917513
02917530
02917545
02917549
02917570
02917625
02917643
02917645
02917653
02917668
02917669
02917675
02917689
02917703
02917709
02917710
02917722
02917760
02917765
02917771
02917800
02917804
02917844
02917853
02917861
02917878
02917905
02917911
02917912
02917947
02917948
02917953
02917977
02918006
02918007
02918013
02918035
02918084
02918086
02918087
02918117
02918132
02918143
02918147
02918168
02918172
02918197
02918202
02918206
02918217
02918222
02918238
02918246
02918249
02918254
02918256
02918313
02918329
02918377
02918404
02918415
02918433
02918452
02918459
02918465
02918474
02918476
02918508
02918519
02918521
02918525
02918540
02918551
02918563
02918574
02918591
02918608
02918629
02918632
02918637
02918646
02918659
02918674
02918684
02918686
02918692
02918700
02918703
02918708
02918716
02918717
02918731
02918752
02918760
02918767
02918775
02918777
02918783
02918865
02918874
02918892
02918910
02918933
02918945
02918958
02918962
02918983
02918984
02918993
02918994
02919001
02919055
02919075
02919086
02919131
02919140
02919144
02919159
02919165
02919183
02919208
02919239
02919309
02919321
02919322
02919368
02919375
02919386
02919395
02919398
02919420
02919435
02919492
02919528
02919532
02919562
02919602
02919610
02919675
02919684
02919693
02919722
02919783
02919795
02919808
02919813
02919837
02919842
02919847
02919888
02919889
02919898
02919910
02919950
02919964
02919972
02919977
02919982
02919989
02920015
02920051
02920060
02920067
02920070
02920074
02920091
02920102
02920137
02920167
02920207
02920265
02920279
02920300
02920337
02920359
02920366
02920369
02920372
02920394
02920426
02920440
02920450
02920514
02920554
02920599
02920621
02920645
02920652
02920655
02920659
02920670
02920692
02920708
02920756
02920758
02920772
02920778
02920824
02920840
02920847
02920856
02920908
02920922
02920925
02920942
02920971
02920974
02920978
02920979
02921003
02921005
02921010
02921032
02921050
02921079
02921081
02921103
02921115
02921127
02921132
02921136
02921157
02921178
02921191
02921208
02921224
02921235
02921268
02921283
02921291
02921318
02921336
02921337
02921352
02921367
02921369
02921378
02921381
02921393
02921417
02921460
02921471
02921536
02921541
02921550
02921556
02921561
02921580
02921595
02921597
02921612
02921623
02921639
02921660
02921674
02921729
02921740
02921757
02921764
02921777
02921809
02921811
02921890
02921901
02921926
02921927
02921929
02921937
02921938
02921951
02921974
02921978
02921983
02921988
02921995
02922006
02922033
02922037
02922072
02922083
02922153
02922156
02922158
02922170
02922182
02922247
02922253
02922254
02922260
02922272
02922276
02922280
02922281
02922300
02922307
02922308
02922332
02922348
02922360
02922371
02922375
02922381
02922499
02922508
02922514
02922515
02922557
02922582
02922599
02922608
02922610
02922643
02922649
02922656
02922687
02922699
02922721
02922730
02922734
02922767
02922811
02922824
02922860
02922863
02922864
02922888
02922889
02922924
02922925
02922935
02922993
02923033
02923049
02923050
02923071
02923079
02923093
02923104
02923127
02923158
02923174
02923212
02923223
02923239
02923283
02923287
02923304
02923323
02923332
02923344
02923395
02923407
02923414
02923451
02923474
02923492
02923558
02923572
02923607
02923629
02923638
02923641
02923651
02923671
02923696
02923708
02923765
02923792
02923802
02923829
02923863
02923881
02923901
02923910
02923931
02923933
02923947
02923968
02923975
02924000
02924025
02924037
02924107
02924142
02924153
02924155
02924181
02924188
02924192
02924237
02924251
02924260
02924267
02924310
02924318
02924327
02924359
02924377
02924385
02924389
02924393
02924425
02924432
02924519
02924528
02924572
02924618
02924623
02924644
02924740
02924752
02924757
02924764
02924809
02924838
02924849
02924853
02924884
02924946
02924965
02924976
02925012
02925026
02925043
02925081
02925094
02925102
02925118
02925122
02925129
02925133
02925143
02925145
02925153
02925163
02925165
02925167
02925190
02925204
02925264
02925273
02925344
02925346
02925373
02925403
02925410
02925416
02925426
02925444
02925473
02925480
02925526
02925537
02925544
02925558
02925564
02925628
02925650
02925693
02925709
02925711
02925721
02925747
02925752
02925763
02925800
02925805
02925827
02925836
02925847
02925849
02925855
02925883
02925885
02925893
02925918
02925919
02925958
02925992
02926036
02926051
02926133
02926140
02926142
02926162
02926184
02926216
02926229
02926272
02926297
02926311
02926317
02926326
02926336
02926345
02926385
02926393
02926432
02926451
02926461
02926476
02926484
02926502
02926510
02926512
02926514
02926520
02926521
02926523
02926524
02926526
02926534
02926546
02926562
02926576
02926591
02926592
02926642
02926650
02926654
02926656
02926657
02926694
02926699
02926733
02926746
02926749
02926769
02926780
02926788
02926812
02926815
02926833
02926836
02926855
02926861
02926868
02926871
02926873
02926904
02926926
02926927
02926956
02927003
02927006
02927040
02927043
02927069
02927116
02927145
02927148
02927153
02927179
02927191
02927209
02927211
02927216
02927248
02927265
02927275
02927277
02927282
02927290
02927296
02927298
02927314
02927334
02927350
02927351
02927368
02927376
02927379
02927401
02927470
02927492
02927509
02927512
02927515
02927520
02927526
02927528
02927541
02927554
02927558
02927567
02927592
02927596
02927599
02927624
02927636
02927650
02927697
02927730
02927761
02927774
02927777
02927788
02927819
02927868
02927896
02927910
02927930
02927946
02927953
02927957
02927995
02927996
02928027
02928036
02928038
02928039
02928040
02928041
02928046
02928047
02928048
02928053
02928054
02928057
02928060
02928069
02928071
02928072
02928075
02928076
02928077
02928083
02928084
02928146
02928162
02928208
02928230
02928244
02928245
02928251
02928253
02928254
02928260
02928261
02928272
02928281
02928282
02928289
02928308
02928328
02928339
02928340
02928351
02928357
02928372
02928376
02928377
02928379
02928380
02928386
02928388
02928434
02928457
02928471
02928481
02928507
02928523
02928542
02928563
02928597
02928691
02928703
02928707
02928758
02928762
02928851
02928856
02928862
02928873
02928879
02928881
02928896
02928964
02928980
02929029
02929091
02929111
02929117
02929144
02929150
02929158
02929176
02929211
02929230
02929243
02929244
02929312
02929317
02929351
02929397
02929415
02929476
02929501
02929555
02929560
02929566
02929570
02929592
02929607
02929630
02929660
02929674
02929680
02929687
02929691
02929705
02929707
02929729
02929742
02929764
02929780
02929784
02929830
02929854
02929884
02929923
02929926
02929930
02929962
02929986
02929992
02930011
02930044
02930086
02930117
02930143
02930150
02930165
02930173
02930207
02930217
02930261
02930265
02930267
02930272
02930281
02930284
02930293
02930314
02930328
02930335
02930337
02930354
02930412
02930413
02930431
02930476
02930502
02930515
02930524
02930532
02930534
02930578
02930616
02930619
02930631
02930642
02930658
02930666
02930682
02930685
02930698
02930710
02930724
02930734
02930813
02930814
02930851
02930853
02930854
02930860
02930866
02930877
02930895
02930898
02930919
02930926
02930938
02930945
02930946
02930948
02930949
02930979
02930987
02931020
02931026
02931038
02931074
02931123
02931129
02931141
02931204
02931226
02931234
02931259
02931369
02931376
02931378
02931440
02931441
02931455
02931461
02931462
02931477
02931482
02931513
02931528
02931542
02931549
02931562
02931570
02931577
02931578
02931609
02931617
02931622
02931626
02931636
02931685
02931690
02931701
02931713
02931721
02931728
02931738
02931766
02931767
02931788
02931797
02931825
02931877
02931889
02931897
02931939
02931948
02931967
02932002
02932023
02932033
02932037
02932107
02932163
02932189
02932234
02932235
02932244
02932249
02932250
02932266
02932296
02932313
02932330
02932440
02932447
02932478
02932481
02932494
02932499
02932532
02932540
02932549
02932555
02932568
02932601
02932638
02932659
02932662
02932701
02932705
02932727
02932729
02932730
02932733
02932760
02932764
02932774
02932775
02932798
02932807
02932810
02932816
02932828
02932848
02932863
02932940
02932949
02932992
02932993
02932994
02932995
02932996
02933019
02933029
02933030
02933032
02933038
02933048
02933057
02933058
02933069
02933078
02933103
02933106
02933129
02933132
02933137
02933144
02933191
02933192
02933195
02933203
02933208
02933216
02933233
02933244
02933251
02933266
02933276
02933302
02933305
02933337
02933346
02933349
02933387
02933389
02933407
02933436
02933442
02933447
02933472
02933491
02933520
02933551
02933592
02933602
02933623
02933632
02933647
02933659
02933672
02933680
02933682
02933688
02933691
02933698
02933705
02933707
02933712
02933748
02933757
02933770
02933780
02933789
02933790
02933799
02933821
02933822
02933832
02933835
02933840
02933845
02933891
02933906
02933927
02933962
02933982
02934002
02934005
02934013
02934021
02934023
02934024
02934035
02934036
02934052
02934054
02934067
02934074
02934086
02934088
02934103
02934121
02934127
02934141
02934147
02934223
02934226
02934237
02934239
02934256
02934261
02934273
02934277
02934278
02934307
02934317
02934338
02934348
02934362
02934368
02934370
02934380
02934382
02934426
02934444
02934489
02934495
02934506
02934512
02934521
02934533
02934542
02934550
02934566
02934581
02934604
02934610
02934624
02934627
02934630
02934687
02934693
02934708
02934739
02934765
02934790
02934823
02934824
02934837
02934858
02934859
02934862
02934867
02934871
02934881
02934886
02934892
02934894
02934903
02934908
02934915
02934917
02934918
02934999
02935023
02935026
02935030
02935031
02935040
02935047
02935082
02935114
02935119
02935122
02935125
02935142
02935152
02935156
02935157
02935158
02935163
02935173
02935204
02935243
02935247
02935249
02935263
02935294
02935312
02935313
02935315
02935320
02935332
02935359
02935360
02935372
02935391
02935396
02935421
02935423
02935430
02935431
02935491
02935536
02935551
02935559
02935566
02935583
02935601
02935604
02935605
02935626
02935632
02935650
02935669
02935678
02935685
02935696
02935699
02935712
02935745
02935793
02935799
02935816
02935826
02935827
02935857
02935864
02935905
02935950
02936041
02936067
02936079
02936112
02936130
02936137
02936173
02936176
02936202
02936205
02936212
02936234
02936252
02936262
02936281
02936305
02936310
02936328
02936365
02936373
02936391
02936395
02936396
02936420
02936437
02936460
02936468
02936494
02936501
02936515
02936518
02936567
02936573
02936579
02936580
02936586
02936614
02936643
02936648
02936649
02936667
02936683
02936684
02936716
02936770
02936771
02936843
02936869
02936874
02936884
02936899
02936924
02936928
02936937
02936972
02936983
02936994
02937029
02937062
02937084
02937085
02937096
02937107
02937111
02937114
02937143
02937144
02937188
02937225
02937238
02937251
02937260
02937264
02937271
02937279
02937281
02937305
02937327
02937329
02937349
02937378
02937382
02937389
02937391
02937441
02937445
02937506
02937552
02937586
02937646
02937673
02937684
02937686
02937694
02937742
02937754
02937764
02937771
02937789
02937817
02937871
02937897
02937911
02937930
02937941
02937956
02937966
02937978
02937992
02938044
02938105
02938133
03404609
05014239
